front_right_offset=44.0
front_left_offset=-136.5
back_left_offset=-176.0
back_right_offset=75.0

front_right_pos=10.25,12.718
front_left_pos=-10.25,12.718
back_left_pos=-10.25,-12.718
back_right_pos=10.25,-12.718

front_right_ports=0,0,8,9
front_left_ports=1,1,6,7
back_left_ports=2,2,4,5
back_right_ports=3,3,1,2

limitswitch=8

robot_backwards=true

sm=-4.03774
sb=1759
sMin=2130
sMax=1570

wm=5.73786
wb=1632
wMin=3100
wMax=2375
